68938
59830
48896
47811
41299
22453
21986
22371
24976
25632
23456
24208
20024
19580
21170
20833
22539
22045
20143
20430
22925
18107
18075
22164
21548
21746
20012
19321
19522
19577
20308
19880
18631
18677
18455
19722
18696
20434
19927
24874
21448
21840
18129
18169
18522
20981
21021
19184
18724
17740
18763
18225
20226
18729
18872
18844
19762
19253
18888
22055
20682
20631
18573
18916
18458
18211
18175
19815
21349
22979
19561
24923
18357
17892
16337
20489
19343
18659
18663
19035
18283
18423
20326
20966
19892
18827
19933
19648
20042
22394
23594
20393
18890
18494
18112
17609
18181
20329
22000
21018
