35969
33129
24263
21331
16721
26054
20484
22131
19898
19158
29535
20340
21181
21245
18842
21113
56992
50775
43870
42697
31787
23945
22980
24583
21292
18425
20371
22765
26535
19621
19636
18353
19907
20756
20444
24395
21312
18859
18959
18570
18287
20942
22358
19728
18864
18719
19828
19942
20674
19483
18897
19130
18574
22362
18025
21314
22581
18585
18264
17746
18229
15769
15979
17632
18160
18313
18526
17235
19283
18842
21053
20702
21000
20905
19026
19109
18410
18837
20975
21399
20513
17417
18604
18375
17382
19941
19216
18781
19676
18702
18473
18545
18430
21965
20618
19381
17414
28469
21234
18442
